100
3
1 6 5 4 9 8 7 3 2
2 4 9 5 7 3 8 1 6
3 8 7 6 2 1 9 5 4
4 9 8 7 3 2 1 6 5
5 7 3 8 1 6 2 4 9
6 2 1 9 5 4 3 8 7
7 3 2 1 6 5 4 9 8
8 1 6 2 4 9 5 7 3
9 5 4 3 8 7 6 2 1
3
4 6 5 7 9 8 1 3 2
8 7 9 2 1 3 5 4 6
3 2 1 6 5 4 9 8 7
7 9 8 1 3 2 4 6 5
2 1 3 5 4 6 8 7 9
6 5 4 9 8 7 3 2 1
1 3 2 4 6 5 7 9 8
5 4 6 8 7 9 2 1 3
9 8 7 3 2 1 6 5 4
3
4 6 2 7 9 5 1 3 8
8 7 3 2 1 6 5 4 9
9 5 1 3 8 4 6 2 7
7 9 5 1 3 8 4 6 2
2 1 6 5 4 9 8 7 3
3 8 4 6 2 7 9 5 1
1 3 8 4 6 2 7 9 5
5 4 9 8 7 3 2 1 7
6 2 7 9 5 1 3 8 4
3
1 9 5 4 3 8 7 6 2
2 7 6 5 1 9 8 4 3
3 8 4 6 2 7 9 5 1
4 3 8 7 6 2 1 9 5
5 1 9 8 4 3 2 7 6
6 2 7 9 5 1 3 8 4
7 6 2 1 9 5 4 3 8
8 4 3 2 7 6 5 1 9
9 5 1 3 8 4 6 2 7
3
7 9 8 1 3 2 4 6 5
5 4 3 8 7 6 2 1 9
6 2 1 9 5 4 3 8 7
1 3 2 4 6 5 7 9 8
8 7 6 2 1 9 5 4 3
9 5 4 3 8 8 6 2 1
4 6 5 7 9 8 1 3 2
2 1 9 5 4 3 8 7 6
3 8 7 6 2 1 9 5 4
3
7 3 2 1 6 5 4 9 8
8 1 6 2 4 9 5 7 3
9 5 4 3 8 7 6 2 1
1 6 5 4 9 8 7 3 2
2 4 9 5 7 3 8 1 6
3 8 7 6 2 1 9 5 4
4 9 8 7 3 2 1 6 5
5 7 3 8 1 6 2 4 9
6 2 1 9 5 4 3 8 7
3
7 6 8 1 9 2 4 3 5
2 4 9 5 7 3 8 1 6
3 5 1 6 8 4 9 2 7
1 9 2 4 3 5 7 6 8
5 7 3 8 1 6 2 4 9
6 8 4 9 2 7 3 5 1
4 3 5 7 6 8 1 9 2
8 1 6 2 4 9 5 7 3
9 2 7 3 5 1 6 8 4
3
1 3 8 4 6 2 7 9 5
2 4 6 5 7 9 8 1 3
9 5 7 3 8 1 6 2 4
4 6 2 7 9 5 1 3 8
5 7 9 8 1 3 2 4 6
3 8 1 6 2 4 9 5 7
7 9 5 1 3 8 4 6 2
8 1 3 2 4 6 5 7 9
6 2 4 9 5 7 3 8 1
3
7 3 5 1 6 8 4 9 2
8 1 9 2 4 3 5 7 6
6 2 4 9 5 7 3 8 1
1 6 8 4 9 2 7 3 5
2 4 3 5 7 6 8 1 9
9 5 7 3 8 1 6 2 4
4 9 2 7 3 5 1 6 8
5 7 6 8 1 9 2 4 3
3 8 1 6 2 4 9 5 7
3
4 9 2 7 3 5 1 6 8
5 7 3 8 1 6 2 4 9
6 8 1 9 2 4 3 5 7
7 3 5 1 6 8 4 9 2
8 1 6 2 4 9 5 7 3
9 2 4 3 5 7 6 8 1
1 6 8 4 10 2 7 3 5
2 4 9 5 7 3 8 1 6
3 5 7 6 8 1 9 2 4
3
1 6 5 4 9 8 7 3 2
8 7 9 2 1 3 5 4 6
3 2 4 6 5 7 9 8 1
4 9 8 7 3 2 1 6 5
2 1 3 5 4 6 8 7 9
6 5 8 9 8 1 3 2 4
7 3 2 1 6 5 4 9 8
5 4 6 8 7 9 2 1 3
9 8 1 3 2 4 6 5 7
3
1 6 5 4 9 8 7 3 2
2 7 9 5 1 3 8 5 6
3 8 4 6 2 7 9 5 1
4 9 8 7 3 2 1 6 5
5 1 3 8 4 6 2 7 9
6 2 7 9 5 1 3 8 4
7 3 2 1 6 5 4 9 8
8 4 6 2 7 9 5 1 3
9 5 1 3 8 4 6 2 7
3
1 3 8 4 6 2 7 9 5
2 7 9 5 1 3 8 4 6
6 5 4 9 8 7 3 2 1
4 6 2 7 9 5 1 3 8
5 1 3 8 4 6 2 7 9
9 8 7 3 2 1 6 5 4
7 9 5 1 3 8 4 6 2
8 4 6 2 7 9 5 1 3
3 2 1 6 5 4 9 8 7
3
1 9 2 4 3 5 7 6 8
8 7 6 2 1 9 5 4 3
3 5 4 6 8 7 9 2 1
4 3 5 7 6 8 1 9 2
2 1 9 5 4 3 8 7 6
6 8 7 9 2 1 3 5 4
7 6 8 1 9 2 4 3 5
5 4 3 8 7 6 2 1 9
9 2 1 3 5 4 6 8 7
3
7 3 2 1 6 5 4 9 8
5 1 6 8 4 9 2 7 3
9 8 4 3 2 7 6 5 1
1 6 5 4 9 8 7 3 2
8 4 9 2 7 3 5 1 6
3 2 7 6 5 1 9 8 4
4 9 8 7 3 2 1 6 5
2 7 3 5 1 6 8 4 9
6 5 1 9 8 4 3 2 7
3
4 6 8 7 9 2 1 3 5
2 7 3 5 1 6 8 4 9
9 5 1 3 8 4 7 2 7
7 9 2 1 3 5 4 6 8
5 1 6 8 4 9 2 7 3
3 8 4 6 2 7 9 5 1
1 3 5 4 6 8 7 9 2
8 4 9 2 7 3 5 1 6
6 2 7 9 5 1 3 8 4
3
7 9 5 1 3 8 4 6 2
8 1 6 2 4 9 5 7 3
3 2 4 6 5 7 9 8 1
1 3 8 4 6 2 7 9 5
2 4 9 5 7 3 8 1 6
6 5 7 9 8 1 3 2 4
4 6 2 7 9 5 1 3 8
5 7 3 8 1 6 2 4 9
9 8 1 3 2 4 6 5 7
3
5 5 5 5 5 5 5 5 5
5 5 5 5 5 5 5 5 5
5 5 5 5 5 5 5 5 5
5 5 5 5 5 5 5 5 5
5 5 5 5 5 5 5 5 5
5 5 5 5 5 5 5 5 5
5 5 5 5 5 5 5 5 5
5 5 5 5 5 5 5 5 5
5 5 5 5 5 5 5 5 5
3
4 9 8 7 3 2 1 6 5
5 1 3 8 4 6 2 7 9
6 2 7 9 5 1 3 8 4
7 3 2 1 6 5 4 9 8
8 4 6 2 7 9 5 1 3
9 5 1 3 8 4 6 2 7
1 6 5 4 9 8 7 3 2
2 7 9 5 1 3 8 4 6
3 8 4 6 2 7 9 5 1
3
142 144 149 145 147 143 148 150 146
143 145 150 146 148 144 149 142 147
147 146 148 150 149 142 144 143 145
145 147 143 148 150 146 142 144 149
146 148 144 149 142 147 143 145 150
150 149 142 144 143 145 147 146 148
148 150 146 142 144 149 145 147 143
149 142 147 143 145 150 146 148 144
144 143 145 147 146 148 150 149 142
3
1 6 2 4 9 5 7 3 8
5 7 3 8 1 6 2 4 9
9 8 4 3 2 7 6 5 1
4 9 5 7 3 8 1 6 2
8 1 6 2 4 9 5 7 3
3 2 7 6 5 1 9 8 4
7 3 8 1 6 2 4 9 5
2 4 9 5 7 3 8 1 6
6 5 1 9 8 4 3 2 7
3
5 5 5 5 5 5 5 5 5
5 5 5 5 5 5 5 5 5
5 5 5 5 5 5 5 5 5
5 5 5 5 5 5 5 5 5
5 5 5 5 5 5 5 5 5
5 5 5 5 5 5 5 5 5
5 5 5 5 5 5 5 5 5
5 5 5 5 5 5 5 5 5
5 5 5 5 5 5 5 5 5
3
1 6 5 4 9 8 7 3 2
8 4 9 2 7 3 5 1 6
3 2 7 6 5 1 9 8 4
4 9 8 7 3 2 1 6 5
3 7 3 5 1 6 8 4 9
6 5 1 9 8 4 3 2 7
7 3 2 1 6 5 4 9 8
5 1 6 8 4 9 2 7 3
9 8 4 3 2 7 6 5 1
3
7 3 5 1 6 8 4 9 2
2 4 9 5 7 3 8 1 6
6 8 1 9 2 4 3 5 7
1 6 8 4 9 2 7 3 5
5 7 3 8 1 6 2 4 9
9 2 4 3 5 7 6 8 1
4 9 2 7 3 5 1 6 8
8 1 6 2 4 9 5 7 3
3 5 7 6 8 1 9 2 4
3
4 6 5 7 9 8 1 3 2
8 1 9 2 4 3 5 7 6
3 2 7 6 5 1 9 8 4
7 9 8 1 3 2 4 6 5
2 4 3 5 7 6 8 1 9
6 5 1 9 8 4 3 2 7
1 3 2 4 6 5 7 9 8
5 7 6 8 1 9 2 4 3
9 8 4 4 2 7 6 5 1
3
7 6 5 1 9 8 4 3 2
8 1 9 2 4 3 5 7 6
3 2 4 6 5 7 9 8 1
1 9 8 4 3 2 7 6 5
2 4 3 5 7 6 8 1 9
6 5 7 9 8 1 3 2 4
4 3 2 7 6 5 1 9 8
5 7 6 8 1 9 2 4 3
9 8 1 3 2 4 6 5 7
3
1 9 8 4 3 2 7 6 5
5 4 6 8 7 9 2 1 3
3 2 7 6 5 1 9 8 4
4 3 2 7 6 5 1 9 8
8 7 9 2 1 3 5 4 6
6 5 1 9 8 4 3 2 7
7 6 5 1 9 8 4 3 2
2 1 3 5 4 6 8 7 9
9 8 4 3 2 7 6 5 1
3
4 3 5 7 6 8 1 9 2
2 7 6 5 1 9 8 4 3
9 8 1 3 2 4 6 5 7
7 6 8 1 9 2 4 3 5
5 1 9 8 4 3 2 7 6
3 2 4 6 5 7 9 8 1
1 9 2 4 3 5 7 6 8
8 4 3 2 7 6 5 1 9
6 5 7 9 8 1 3 2 4
3
4 9 8 7 3 2 1 6 5
2 1 3 5 4 6 8 7 9
6 5 7 9 8 1 3 2 4
7 3 2 1 6 5 4 9 8
5 4 6 8 7 9 2 1 3
9 8 1 3 2 4 6 5 7
1 6 5 4 9 8 7 3 2
8 7 9 2 1 3 5 4 6
3 2 4 6 5 7 9 8 1
3
1 9 5 4 3 8 7 6 2
8 7 3 2 1 6 5 4 9
6 2 4 9 5 7 3 8 1
4 3 8 7 6 2 1 9 5
2 1 6 5 4 9 8 7 3
9 5 7 3 8 1 6 2 4
7 6 2 1 9 5 4 3 8
5 4 9 8 7 3 2 1 6
3 8 1 6 2 4 9 5 7
3
7 3 2 1 6 5 4 9 8
5 4 9 8 7 3 2 1 6
6 8 1 9 2 4 3 5 7
1 6 5 4 9 8 7 3 2
8 7 3 2 1 6 5 4 9
9 2 4 3 5 7 6 8 1
4 9 8 7 3 2 1 6 5
2 1 6 5 4 9 8 7 3
3 5 7 6 8 1 9 2 4
3
442 438 440 436 441 443 439 444 437
443 439 441 437 442 444 440 436 438
444 437 436 438 440 439 441 443 442
436 441 443 439 444 437 442 438 440
437 442 444 440 436 438 443 439 441
438 440 439 441 443 442 444 437 436
439 444 437 442 438 440 436 441 443
440 436 438 443 439 441 437 442 444
441 443 442 444 437 436 438 440 439
3
1 3 2 4 6 5 7 9 8
5 7 9 8 1 3 2 4 6
6 8 4 9 2 7 3 5 1
4 6 5 7 9 8 1 3 2
8 1 3 2 4 6 5 7 9
9 2 7 3 5 1 6 8 4
7 9 8 1 3 2 4 6 5
2 4 6 5 7 9 8 1 3
3 5 1 6 8 4 9 2 7
3
4 6 5 7 9 8 1 3 2
8 7 3 2 1 6 5 4 9
9 2 1 3 5 4 6 8 7
7 9 8 1 3 2 4 6 5
2 1 6 5 4 9 8 7 3
3 5 4 6 8 7 9 2 1
1 3 2 4 6 5 7 9 8
5 4 9 8 7 3 2 1 6
6 8 7 9 2 1 3 5 4
3
1 9 5 4 3 8 7 6 2
2 4 3 5 7 6 8 1 9
6 8 7 9 2 1 3 5 4
4 3 8 7 6 2 1 9 5
5 7 6 8 1 9 2 4 3
9 2 1 3 5 4 6 8 7
7 6 2 1 9 5 4 3 8
8 1 9 2 4 3 5 7 6
3 5 4 6 8 7 9 2 1
3
4 6 8 7 9 2 1 3 5
5 1 3 8 4 6 2 7 9
9 2 7 3 5 1 6 8 4
7 9 2 1 3 5 4 6 8
8 4 6 2 7 9 5 1 3
3 5 1 6 8 4 9 2 7
1 3 5 4 6 8 7 9 2
2 7 9 5 1 3 8 4 6
6 8 4 9 2 7 3 5 1
3
1 9 8 4 3 2 7 6 5
5 7 3 8 1 6 2 4 9
6 2 4 9 5 7 3 8 1
4 3 2 7 6 5 1 9 8
8 1 6 2 4 9 5 7 3
9 5 7 3 8 1 6 2 4
7 6 5 1 9 8 4 3 2
2 4 9 5 7 3 8 1 6
3 8 1 6 2 4 9 5 7
3
1 3 2 4 6 5 7 9 8
5 4 9 8 7 3 2 1 6
6 8 7 9 2 1 3 5 4
4 6 5 7 9 8 1 3 2
8 7 3 2 1 6 5 4 9
9 2 1 3 5 4 6 8 7
7 9 8 1 3 2 4 6 5
2 1 6 5 4 9 8 7 3
3 5 4 6 8 7 9 2 1
3
1 6 5 4 9 8 7 3 2
2 7 3 5 1 6 8 4 9
9 8 4 3 2 7 6 5 1
4 9 8 7 3 2 1 6 5
5 1 6 8 4 9 2 7 3
3 2 7 6 5 1 9 8 4
7 3 2 1 6 5 4 9 8
8 4 9 2 7 3 5 1 6
6 5 1 9 8 4 3 2 7
3
7 9 5 1 3 8 4 6 2
8 4 6 2 7 9 5 1 3
3 2 1 6 5 4 9 8 7
1 3 8 4 6 2 7 9 5
2 7 9 5 1 3 8 4 6
6 5 4 10 8 7 3 2 1
4 6 2 7 9 5 1 3 8
5 1 3 8 4 6 2 7 9
9 8 7 3 2 1 6 5 4
3
90 98 91 93 92 94 96 95 97
94 96 95 97 90 98 91 93 92
92 97 93 95 91 96 98 94 90
93 92 94 96 95 97 90 98 91
97 90 98 91 93 92 94 96 95
95 91 96 98 94 90 92 97 93
96 95 97 90 98 91 93 92 94
91 93 92 94 96 95 97 90 98
98 94 90 92 97 93 95 91 96
3
4 3 5 7 6 8 1 9 2
8 1 9 2 4 3 5 7 6
6 2 7 9 5 1 3 8 4
7 6 8 1 9 2 4 3 5
2 4 3 5 7 6 8 1 9
9 5 1 3 8 4 6 2 7
1 9 2 4 3 5 7 6 8
5 7 6 8 1 9 2 4 3
3 8 4 6 2 7 9 5 1
3
196 201 197 199 195 200 193 198 194
194 193 198 197 196 201 200 199 195
195 200 199 198 194 193 201 197 196
199 195 200 193 198 194 196 201 197
197 196 201 200 199 195 194 193 198
198 194 193 201 197 196 195 200 199
193 198 194 196 201 197 199 195 200
200 199 195 194 193 198 197 196 201
201 197 196 195 200 199 198 194 193
3
4 6 5 7 9 8 1 3 2
2 1 3 5 4 6 8 7 9
9 8 7 3 2 1 6 5 4
7 9 8 1 3 2 4 6 5
5 4 6 8 7 9 2 1 3
3 2 1 6 5 4 9 8 7
1 3 2 4 6 5 7 9 8
8 7 9 2 1 3 5 4 6
6 5 4 9 8 7 3 2 1
3
7 6 5 1 9 8 4 3 2
8 4 3 2 7 6 5 1 9
9 2 1 3 5 4 6 8 7
1 9 8 4 3 2 7 6 5
2 7 6 5 1 9 8 4 3
3 5 4 6 8 7 9 2 1
4 3 2 7 6 5 1 9 8
5 1 9 8 4 3 2 7 6
6 8 7 9 2 1 3 5 4
3
4 3 2 7 6 5 1 9 8
5 1 9 8 4 3 2 7 6
6 8 7 9 2 1 3 5 4
7 6 5 1 9 8 4 3 2
8 4 3 2 7 6 5 1 9
9 2 1 3 5 4 6 8 7
1 9 8 4 3 2 7 6 5
2 7 6 5 1 9 8 4 3
3 5 4 6 8 7 9 2 1
3
7 9 8 1 3 2 4 6 5
5 1 3 8 4 6 2 7 9
6 2 4 9 5 7 3 8 1
1 3 2 4 6 5 7 9 8
8 4 6 2 7 9 5 1 3
9 5 7 3 8 1 6 2 4
4 6 5 7 9 8 1 3 2
2 7 9 5 1 3 8 4 6
3 8 1 6 2 4 9 5 7
3
4 3 2 7 6 5 1 9 8
8 7 6 2 1 9 5 4 3
9 6 1 3 8 4 6 2 7
7 6 5 1 9 8 4 3 2
2 1 9 5 4 3 8 7 6
3 8 4 6 2 7 9 5 1
1 9 8 4 3 2 7 6 5
5 4 3 8 7 6 2 1 9
6 2 7 9 5 1 3 8 4
3
7 6 2 1 9 5 4 3 8
5 4 9 8 7 3 2 1 6
3 8 1 6 2 4 9 5 7
1 9 5 4 3 8 7 6 2
8 7 3 2 1 6 5 4 9
6 2 4 9 5 7 3 8 1
4 3 8 7 6 2 1 9 5
2 1 6 5 4 9 8 7 3
9 5 7 3 8 1 6 2 4
3
4 9 5 7 3 8 1 6 2
2 7 3 5 1 6 8 4 9
6 8 1 9 2 4 3 5 7
7 3 8 1 6 2 4 9 5
5 1 6 8 4 9 2 7 3
9 2 4 3 5 7 6 8 1
1 6 2 4 9 5 7 3 8
8 4 9 2 7 3 5 1 6
3 5 7 6 8 1 9 2 4
3
1 6 5 4 9 8 7 3 2
8 7 3 2 1 6 5 4 9
9 2 4 3 5 7 6 8 1
4 9 8 7 3 2 1 6 5
2 1 6 5 4 9 8 7 3
3 5 7 6 8 1 9 2 4
7 3 2 1 6 5 4 9 8
5 4 9 8 7 3 2 1 6
6 8 1 9 2 4 3 5 7
3
1 3 5 4 6 8 7 9 2
2 7 9 5 1 3 8 4 6
6 8 4 9 2 7 3 5 1
4 6 8 7 9 2 1 3 5
5 1 3 8 4 6 2 7 9
9 2 7 3 5 1 6 8 4
7 9 2 1 3 5 4 6 8
8 4 6 2 7 9 5 1 3
3 5 1 6 8 4 9 2 7
3
7 6 8 1 9 2 4 3 5
5 4 3 8 7 6 2 1 9
9 2 1 4 5 4 6 8 7
1 9 2 4 3 5 7 6 8
8 7 6 2 1 9 5 4 3
3 5 4 6 8 7 9 2 1
4 3 5 7 6 8 1 9 2
2 1 9 5 4 3 8 7 6
6 8 7 9 2 1 3 5 4
3
1 3 5 4 6 8 7 9 2
2 7 9 5 1 3 8 4 6
6 8 4 9 2 7 3 5 1
4 6 8 7 9 2 1 3 5
5 1 3 8 4 6 2 7 9
9 2 7 3 5 1 6 8 4
7 9 2 1 3 5 4 6 8
8 4 6 2 7 9 5 1 3
3 5 1 6 8 4 9 2 7
3
1 9 8 4 4 2 7 6 5
2 4 3 5 7 6 8 1 9
6 5 7 9 8 1 3 2 4
4 3 2 7 6 5 1 9 8
5 7 6 8 1 9 2 4 3
9 8 1 3 2 4 6 5 7
7 6 5 1 9 8 4 3 2
8 1 9 2 4 3 5 7 6
3 2 4 6 5 7 9 8 1
3
7 6 8 1 9 2 4 3 5
2 4 9 5 7 3 8 1 6
3 5 1 6 8 4 9 2 7
1 9 2 4 3 5 7 6 8
5 7 3 8 1 6 2 4 9
6 8 4 9 2 8 3 5 1
4 3 5 7 6 8 1 9 2
8 1 6 2 4 9 5 7 3
9 2 7 3 5 1 6 8 4
3
1 9 2 4 3 5 7 6 8
8 7 3 2 1 6 5 4 9
6 5 4 9 8 7 3 2 1
4 3 5 7 6 8 1 9 2
2 1 6 5 4 9 8 7 3
9 8 7 3 2 1 6 5 4
7 6 8 1 9 2 4 3 5
5 4 9 8 7 3 2 1 6
3 2 1 6 5 4 9 8 7
3
277 279 281 280 282 275 274 276 278
278 274 276 281 277 279 275 280 282
282 275 280 276 278 274 279 281 277
280 282 275 274 276 278 277 279 281
281 277 279 275 280 282 278 274 276
276 278 274 279 281 277 282 275 280
274 276 278 277 279 281 280 282 275
275 280 282 278 274 276 281 277 279
279 281 277 282 275 280 276 278 274
3
1 9 5 4 3 8 7 6 2
8 4 3 2 7 6 5 1 9
6 2 7 9 5 1 3 8 4
4 3 8 7 6 2 1 9 5
2 7 6 5 1 9 8 4 3
9 6 1 3 8 4 6 2 7
7 6 2 1 9 5 4 3 8
5 1 9 8 4 3 2 7 6
3 8 4 6 2 7 9 5 1
3
1 6 2 4 9 5 7 3 8
8 7 3 2 1 6 5 4 9
9 5 4 3 8 7 6 2 1
4 9 5 7 3 8 1 6 2
2 1 6 5 4 9 8 7 3
3 8 7 6 2 1 9 5 4
7 3 8 1 6 2 4 9 5
5 4 9 8 7 3 2 1 6
6 2 1 9 5 4 3 8 7
3
7 3 8 1 6 2 4 9 5
2 4 6 5 7 9 8 1 3
9 5 1 3 8 4 6 2 7
1 6 2 4 9 5 7 3 8
5 7 9 8 1 3 2 4 6
3 8 4 6 2 7 9 5 1
4 9 5 7 3 8 1 6 2
8 1 3 2 4 6 5 7 9
6 2 7 9 5 1 3 8 4
3
7 6 8 1 9 2 4 3 5
2 1 3 5 4 6 8 7 9
9 5 4 3 8 7 6 2 1
1 9 2 4 3 5 7 6 8
5 4 6 8 7 9 2 1 3
3 8 7 6 2 1 9 5 4
4 3 5 7 6 8 1 9 2
8 7 9 2 1 3 5 4 6
6 2 1 9 5 4 3 8 7
3
450 449 454 453 452 448 447 455 451
448 453 455 451 447 449 454 450 452
452 451 447 455 454 450 449 448 453
453 452 448 447 455 451 450 449 454
451 447 449 454 450 452 448 453 455
455 454 450 449 448 453 452 451 447
447 455 451 450 449 454 453 452 448
454 450 452 448 453 455 451 447 449
449 448 453 452 451 447 455 454 450
3
7 6 5 1 9 8 4 3 2
8 4 3 2 7 6 5 1 9
9 2 1 3 5 4 6 8 7
1 9 8 4 3 2 7 6 5
2 7 6 5 1 9 8 4 3
3 5 4 6 8 7 9 2 1
4 3 2 7 6 5 1 9 8
5 1 9 8 4 3 2 7 6
6 8 7 9 2 1 3 5 4
3
4 3 2 7 6 5 1 9 8
8 7 6 2 1 9 5 4 3
9 5 1 3 8 4 6 2 7
7 6 5 1 9 8 4 3 2
2 1 9 5 4 3 8 7 6
3 8 4 6 2 7 9 5 1
1 9 8 4 3 2 7 6 5
5 4 3 8 7 6 2 1 9
6 2 7 9 5 1 3 8 4
3
7 6 8 1 9 2 4 3 5
5 4 3 8 7 6 2 1 9
9 2 1 3 5 4 6 8 7
1 9 2 4 3 5 7 6 8
8 7 6 2 1 9 5 4 3
3 5 4 6 8 7 9 2 1
4 3 5 7 6 8 1 9 2
2 1 9 5 4 3 8 7 6
6 8 7 9 2 1 3 5 4
3
142 144 140 145 147 143 139 141 146
146 145 141 140 139 144 143 142 147
147 143 139 141 146 142 144 140 145
145 147 143 139 141 146 142 144 140
140 139 144 143 142 147 146 145 141
141 146 142 144 140 145 147 143 139
139 141 146 142 144 140 145 147 143
143 142 147 146 145 141 140 139 144
144 140 145 147 143 139 141 146 142
3
1 6 2 4 9 5 7 3 8
8 4 9 2 7 3 5 1 6
3 5 7 6 8 1 9 2 4
4 9 5 7 3 8 1 6 2
2 7 3 5 1 6 8 4 9
6 8 1 9 2 4 3 5 7
7 3 8 1 6 2 4 9 5
5 1 6 8 4 9 2 7 3
9 2 4 3 5 7 6 8 1
3
4 6 5 7 9 8 1 3 2
8 7 9 2 1 3 5 4 6
3 2 1 6 5 4 9 8 7
7 9 8 1 3 2 4 6 5
2 1 3 5 4 6 8 7 9
6 5 4 9 8 7 3 2 1
1 3 2 4 6 5 7 9 8
5 4 6 8 7 9 2 1 3
9 8 7 3 2 1 6 5 4
3
4 3 2 7 7 5 1 9 8
5 7 6 8 1 9 2 4 3
9 8 1 3 2 4 6 5 7
7 6 5 1 9 8 4 3 2
8 1 9 2 4 3 5 7 6
3 2 4 6 5 7 9 8 1
1 9 8 4 3 2 7 6 5
2 4 3 5 7 6 8 1 9
6 5 7 9 8 1 3 2 4
3
1 3 2 4 6 5 7 9 8
5 7 9 8 1 3 2 4 6
6 8 4 9 2 7 3 5 1
4 6 5 7 9 8 1 3 2
8 1 3 2 4 6 5 7 9
9 2 7 3 5 1 6 8 4
7 9 8 1 3 2 4 6 5
2 4 6 5 7 9 8 1 3
3 5 1 6 8 4 9 2 7
3
1 9 2 4 3 5 7 6 8
5 7 3 8 1 6 2 4 9
6 8 4 9 2 7 3 5 1
4 3 5 7 6 8 1 9 2
8 1 6 2 4 9 5 7 3
9 2 7 3 5 1 6 8 4
7 6 8 1 9 2 4 3 5
2 4 9 5 7 3 8 1 6
3 5 1 6 8 4 9 2 7
3
7 3 5 1 6 8 4 9 2
2 4 9 5 7 3 8 1 6
6 8 1 9 2 4 3 5 7
1 6 8 4 9 2 7 3 5
5 7 3 8 1 6 2 4 9
9 2 4 3 5 7 6 8 1
4 9 2 7 3 5 1 6 8
8 1 6 2 4 9 5 7 3
3 5 7 6 8 1 9 2 4
3
1 9 5 4 3 8 7 6 2
2 4 3 5 7 6 8 1 9
6 8 7 9 2 1 3 5 4
4 3 8 7 6 2 1 9 5
5 7 6 8 1 9 2 4 3
9 2 1 3 5 4 6 8 7
7 6 2 1 9 5 4 3 8
8 1 9 2 4 3 5 7 6
3 5 4 6 8 7 9 2 1
3
7 6 2 1 9 5 4 3 8
8 1 9 2 4 3 5 7 6
3 5 4 6 8 7 9 2 1
1 9 5 4 3 8 7 6 2
2 4 3 5 7 6 8 1 9
6 8 7 9 2 1 3 5 4
4 3 8 7 6 2 1 9 5
5 7 6 8 1 9 2 4 3
9 2 1 3 5 4 6 8 7
3
7 6 2 1 9 5 4 3 8
8 1 3 2 4 6 5 7 9
9 5 4 3 8 7 6 2 1
1 9 5 4 3 8 7 6 2
2 4 6 5 7 9 8 1 3
3 8 7 6 2 1 9 5 4
4 3 8 7 6 2 1 9 5
5 7 9 8 1 3 2 4 6
6 2 1 9 5 4 3 8 7
3
4 6 8 7 9 2 1 3 5
5 7 9 8 1 3 2 4 6
3 2 1 6 5 4 9 8 7
7 9 2 1 3 5 4 6 8
8 1 3 2 4 6 5 7 9
6 5 4 9 8 7 3 2 1
1 3 5 4 6 8 7 9 2
2 4 6 5 7 9 8 1 3
9 8 7 3 2 1 6 5 4
3
4 9 8 7 3 2 1 6 5
2 1 3 5 4 6 8 7 9
6 5 7 9 8 1 3 2 4
7 3 2 1 6 5 4 9 8
5 4 6 8 7 9 2 1 3
9 8 1 3 2 4 6 5 7
1 6 5 4 9 8 7 3 2
8 7 9 2 1 3 5 4 6
3 2 4 6 5 7 9 8 1
3
4 9 2 7 3 5 1 6 8
8 7 6 2 1 9 5 4 3
3 5 1 6 8 4 9 2 7
7 3 5 1 6 8 4 9 2
2 1 9 5 4 3 8 7 6
6 8 4 9 2 7 3 5 1
1 6 8 4 9 2 7 3 5
5 4 3 8 7 6 2 1 9
9 2 7 3 5 1 6 8 4
3
7 9 2 1 3 5 4 6 8
5 1 3 8 4 6 2 7 9
6 8 4 9 2 7 3 5 1
1 3 5 4 6 8 7 9 2
8 4 6 2 7 9 5 1 3
9 2 7 3 5 1 7 8 4
4 6 8 7 9 2 1 3 5
2 7 9 5 1 3 8 4 6
3 5 1 6 8 4 9 2 7
3
4 9 2 7 3 5 1 6 8
5 1 3 8 4 6 2 7 9
6 8 7 9 2 1 3 5 4
7 3 5 1 6 8 4 9 2
8 4 6 2 7 9 5 1 3
9 2 1 3 5 4 6 8 7
1 6 8 4 9 2 7 3 5
2 7 9 5 1 3 8 4 6
3 5 4 6 8 7 9 2 1
3
7 3 2 1 6 5 4 9 8
8 4 6 2 7 9 5 1 3
9 5 1 3 8 4 6 2 7
1 6 5 4 9 8 7 3 2
2 7 9 5 1 3 8 4 6
3 8 4 6 2 7 9 5 1
4 9 8 7 3 2 1 6 5
5 1 3 8 4 6 2 7 9
6 2 7 9 5 1 3 8 4
3
1 3 5 4 6 8 7 9 2
2 4 6 5 7 9 8 1 3
9 8 7 3 2 1 6 5 4
4 6 8 7 9 2 1 3 5
5 7 9 8 1 3 2 4 6
3 2 1 6 5 4 9 8 7
7 9 2 1 3 5 4 6 8
8 1 3 2 4 6 5 7 9
6 5 4 9 8 7 3 2 1
3
7 9 8 1 3 2 4 6 5
5 4 3 8 7 6 2 1 9
6 2 1 9 5 4 3 8 7
1 3 2 4 6 5 7 9 8
8 7 6 2 1 9 5 4 3
9 5 4 3 8 7 6 2 1
4 6 5 7 9 8 1 3 2
2 1 9 5 4 3 8 7 6
3 8 7 6 2 1 9 5 4
3
7 6 8 1 9 2 4 3 5
5 1 9 8 4 3 2 7 6
3 2 4 6 5 7 9 8 1
1 9 2 4 3 5 7 6 8
8 4 3 2 7 6 5 1 9
6 5 7 9 8 1 3 2 4
4 3 5 7 6 8 1 9 2
2 7 6 5 1 9 8 4 3
9 8 1 3 2 4 6 5 7
3
324 329 325 327 332 328 330 326 331
331 327 332 325 330 326 328 324 329
326 328 330 329 331 324 332 325 327
327 332 328 330 326 331 324 329 325
325 330 326 328 324 329 331 327 332
329 331 324 332 325 327 326 328 330
330 326 331 324 329 325 327 332 328
328 324 329 331 327 332 325 330 326
332 325 327 326 328 330 329 331 324
3
4 6 2 7 9 5 1 3 8
8 7 9 2 1 3 5 4 6
3 5 1 6 8 4 9 2 7
7 9 5 1 3 8 4 6 2
2 1 3 5 4 6 8 7 9
6 8 4 9 2 7 3 5 1
1 3 8 4 6 2 7 9 5
5 4 6 8 7 9 2 1 3
9 2 7 3 5 1 6 8 4
3
7 9 5 1 3 8 4 6 2
2 4 6 5 7 9 8 1 3
3 8 1 6 2 4 9 5 7
1 3 8 4 6 2 7 9 5
5 7 9 8 1 3 2 4 6
6 2 4 9 5 7 3 8 1
4 6 2 7 9 5 1 3 8
8 1 3 2 4 6 5 7 9
9 5 7 3 8 1 6 2 4
3
1 9 2 4 3 5 7 6 8
5 4 6 8 7 9 2 1 3
3 8 8 6 2 1 9 5 4
4 3 5 7 6 8 1 9 2
8 7 9 2 1 3 5 4 6
6 2 1 9 5 4 3 8 7
7 6 8 1 9 2 4 3 5
2 1 3 5 4 6 8 7 9
9 5 4 3 8 7 6 2 1
3
240 242 238 234 236 241 237 239 235
241 237 236 235 240 239 238 234 242
239 235 234 242 238 237 236 241 240
234 236 241 237 239 235 240 242 238
235 240 239 238 234 242 241 237 236
242 238 237 236 241 240 239 235 234
237 239 235 240 242 238 234 236 241
238 234 242 241 237 236 235 240 239
236 241 240 239 235 234 242 238 237
3
1 6 8 4 9 2 7 3 5
2 7 9 5 1 3 8 4 6
3 5 4 6 8 7 9 2 1
4 9 2 7 3 5 1 6 8
5 1 3 8 4 6 2 7 9
6 8 7 9 2 1 3 5 4
7 3 5 1 6 8 4 9 2
8 4 6 2 7 9 5 1 3
9 2 1 3 5 4 6 8 7
3
7 6 8 1 9 2 4 3 5
5 1 9 8 4 3 2 7 6
3 2 4 6 5 7 9 8 1
1 9 2 4 3 5 7 6 8
8 4 3 2 7 6 5 1 9
6 5 7 9 8 1 3 2 4
4 3 5 7 6 8 1 9 2
2 7 6 5 1 9 8 4 3
9 8 1 3 2 4 6 5 7
3
1 3 5 4 6 8 7 9 2
8 7 6 2 1 9 5 4 3
9 2 4 3 5 7 6 8 1
4 6 8 7 9 2 1 3 5
2 1 9 5 4 3 8 7 6
3 5 7 6 8 1 9 2 4
7 9 2 1 3 5 4 6 8
5 4 3 8 7 6 2 1 10
6 8 1 9 2 4 3 5 7
3
1 9 8 4 3 2 7 6 5
5 7 6 8 1 9 2 4 3
3 2 4 6 5 7 9 8 1
4 3 2 7 6 5 1 9 8
8 1 9 2 4 3 5 7 6
6 5 7 9 8 1 3 2 4
7 6 5 1 9 8 4 3 2
2 4 3 5 7 6 8 1 9
9 8 1 3 2 4 6 5 7
3
4 6 2 7 9 5 1 3 8
8 1 3 2 4 6 5 7 9
9 5 7 3 8 1 6 2 4
7 9 5 1 3 8 4 6 2
2 4 6 5 7 9 8 1 3
3 8 1 6 2 4 9 5 7
1 3 8 4 6 2 7 9 5
5 7 9 8 1 3 2 4 6
6 2 4 10 5 7 3 8 1
3
4 9 2 7 3 5 1 6 8
5 1 6 8 4 9 2 7 3
3 8 7 6 2 1 9 5 4
7 3 5 1 6 8 4 9 2
8 4 9 2 7 3 5 1 6
6 2 1 9 5 4 3 8 7
1 6 8 4 9 2 7 3 5
2 7 3 5 1 6 8 4 9
9 5 4 3 8 7 6 2 1
3
7 9 8 1 3 2 4 6 5
2 4 3 5 7 6 8 1 9
6 5 1 9 8 4 3 2 7
1 3 2 4 6 5 7 9 8
5 7 6 8 1 9 2 4 3
9 8 4 3 2 7 6 5 1
4 6 5 7 9 8 1 3 2
8 1 9 2 4 3 5 7 6
3 2 7 6 5 1 9 8 4
3
109 105 110 103 108 104 106 111 107
107 106 111 110 109 105 104 103 108
108 104 103 111 107 106 105 110 109
103 108 104 106 111 107 109 105 110
110 109 105 104 103 108 107 106 111
111 107 106 105 110 109 108 104 103
106 111 107 109 105 110 103 108 104
104 103 108 107 106 111 110 109 105
105 110 109 108 104 103 111 107 106
3
4 3 2 7 6 5 1 9 8
5 1 9 8 4 3 2 7 6
6 8 7 9 2 1 3 5 4
7 6 5 1 9 8 4 3 2
8 4 3 2 7 6 5 1 9
9 2 1 3 5 4 6 8 7
1 9 8 4 3 2 7 6 5
2 7 6 5 1 9 8 4 3
3 5 4 6 8 7 9 2 1
3
4 9 2 7 3 5 1 6 8
8 1 6 2 4 9 5 7 3
3 5 7 6 8 1 9 2 4
7 3 5 1 6 8 4 9 2
2 4 9 5 7 3 8 1 6
6 8 1 9 2 4 3 5 7
2 6 8 4 9 2 7 3 5
5 7 3 8 1 6 2 4 9
9 2 4 3 5 7 6 8 1